%YAML:1.0

cam0:
  T_imu_cam: #rotation from camera to IMU R_CtoI, position of camera in IMU p_CinI
    - [-0.99988, 0.00102315, 0.0154821, 0.0106987114995718]
    - [-0.00100478, -0.999999, 0.00119407, 1.07511405076366e-05]
    - [0.0154833, 0.00117837, 0.999879, -0.000165671401191503]
    - [0.0, 0.0, 0.0, 1.0]
  cam_overlaps: [1]
  camera_model: pinhole
  distortion_coeffs: [-0.00413605011999607, 0.0385973118245602, -0.0369558110833168, 0.00608701910823584]
  distortion_model: equidistant
  intrinsics: [284.378601074219,285.364898681641, 423.223510742188, 402.276000976562] #fu, fv, cu, cv
  resolution: [848, 800]
  # rostopic: /uav35/t265/fisheye1/image_raw
cam1:
  T_imu_cam: #rotation from camera to IMU R_CtoI, position of camera in IMU p_CinI
    - [-0.999979, -0.0022358, 0.00603111, -0.0537273213267326]
    - [0.00226225, -0.999988, 0.00438268, -0.000109005901322234]
    - [0.00602124, 0.00439623, 0.999972, 0.00031432809191756]
    - [0.0, 0.0, 0.0, 1.0]
  cam_overlaps: [0]
  camera_model: pinhole
  distortion_coeffs: [-0.00312783196568489, 0.0387581698596478, -0.0367337986826897, 0.00606365082785487]
  distortion_model: equidistant
  intrinsics: [285.629211425781, 286.654602050781, 433.148193359375, 403.567413330078] #fu, fv, cu, cv
  resolution: [848, 800]
  # rostopic: /uav35/t265/fisheye2/image_raw
