%YAML:1.0

cam0:
  T_imu_cam: #rotation from camera to IMU R_CtoI, position of camera in IMU p_CinI
    - [1, 0, 0, 0]
    - [0, 1, 0, 0]
    - [0, 0, 1, 0.000]
    - [0.0, 0.0, 0.0, 1.0]
  cam_overlaps: [0]
  camera_model: pinhole
  distortion_coeffs: [0.019265981371039506, 0.0011428473998276235, -0.0003811659324868097, 6.340084698783884e-05]
  distortion_model: equidistant
  intrinsics: [227.4010064226358,227.35879407313246,375.5302935901654,239.4881944649193] #fu, fv, cu, cv
  resolution: [752, 480]
  # rostopic: /uav0/vio/camera/image_raw
